0000                                          000000000000000
0000                                          000000000000000
0000                                          000000000000000
0000                                                        0
0000                                                        0
0000                        @                               0
0000                       000                              0
00                         000                              0
00                         00000                            0
00                       0000000                            0
00      @            ^^^^^^^^^^^^^^^^                     @ 0
       000                                  ^^^^^^        000
     ^^000    ^^^                                         000
                                        ^^^               000
                     @                            ^^^^^000000
00000   @           ^^^^                               000000
0000000000000                  0000              @     000000
00000000000000                 0000            00000000000000
000000000000000          000   000000              0000000000
0000000000000000         000   000000^^^    @      0000000000
00000000000000000   @    000   000000      000     0000000000
0000000000000000000000000000000000000      000     0000000000
